wages[0] = 0.404965
wages[1] = -0.00605797
wages[2] = 0.569516
